successfully
Sent 'still' event to the camera!
successfully
0.0038472851117451984
Sent 'still' event to the camera!
successfully
0.0029401342074076337
Image saved to rgb_data/1683813381821.jpeg
Sent 'still' event to the camera!
successfully
0.002473104000091553
Image saved to rgb_data/1683813409743.jpeg
Sent 'still' event to the camera!
successfully
0.0021436889966328938
Image saved to rgb_data/1683813443154.jpeg
Sent 'still' event to the camera!
successfully
0.002234820524851481
Image saved to rgb_data/1683813467491.jpeg
Sent 'still' event to the camera!
successfully
0.002747031052907308
Image saved to rgb_data/1683813501980.jpeg
Sent 'still' event to the camera!
successfully
0.003930715719858805
Image saved to rgb_data/1683813536329.jpeg
Sent 'still' event to the camera!
successfully
0.0029977838198343913
Sent 'still' event to the camera!
successfully
0.0034383932749430337
Image saved to rgb_data/1683813573177.jpeg
Sent 'still' event to the camera!
successfully
0.0052083770434061686
Image saved to rgb_data/1683813592520.jpeg

cameraMatrix = np.float32([[821.0158624761577, 0.0, 457.28274728636546], [0.0, 824.0685582523861, 288.19631176731633], [0.0, 0.0, 1.0]])
distCoeffs = np.float32([0.1259393661966275, 0.26511379649681976, -0.0009428793021695088, -0.020882843866808092, -1.6202755987711053])

[array([[ 0.54028293, -0.00473408, -0.84147011],
       [-0.84013887,  0.053472  , -0.53972902],
       [ 0.04755021,  0.99855813,  0.02491273]]), array([[ 0.12594922, -0.00536641, -0.99202218],
       [-0.99182534,  0.01995947, -0.1260322 ],
       [ 0.02047658,  0.99978639, -0.00280866]]), array([[ 0.1183163 ,  0.19199488, -0.97423776],
       [-0.99291663,  0.01215015, -0.1181903 ],
       [-0.0108548 ,  0.98132071,  0.19207247]]), array([[ 0.11286437, -0.28983586, -0.95039824],
       [-0.98547561,  0.08949294, -0.14432197],
       [ 0.12688362,  0.95288309, -0.27552561]]), array([[-0.00207768, -0.11641298, -0.99319872],
       [-0.99449662,  0.10427667, -0.01014189],
       [ 0.1047481 ,  0.9877117 , -0.11598897]]), array([[-6.35573441e-04, -1.16304341e-01, -9.93213419e-01],
       [-9.94797849e-01,  1.01249002e-01, -1.12195739e-02],
       [ 1.01866752e-01,  9.88039442e-01, -1.15763660e-01]]), array([[ 0.16962481, -0.11735099, -0.97849689],
       [-0.91363524,  0.3534965 , -0.20077567],
       [ 0.36945645,  0.92804578, -0.04725423]]), array([[ 0.42090377, -0.09895785, -0.90169139],
       [-0.83278128, -0.43621969, -0.34086321],
       [-0.35960445,  0.89438231, -0.26601676]]), array([[ 0.32760939,  0.08151065, -0.94129066],
       [-0.81483679, -0.47991119, -0.32515574],
       [-0.47823957,  0.87352233, -0.09080553]]), array([[ 0.37145784, -0.06915398, -0.92587083],
       [-0.89315017,  0.24574573, -0.37668529],
       [ 0.25357809,  0.9668644 ,  0.02951929]]), array([[ 0.37000961, -0.06949484, -0.92642504],
       [-0.66895154,  0.67204267, -0.31758856],
       [ 0.64466792,  0.73724428,  0.20217357]])]
[array([-0.18014688,  0.1452192 ,  0.65405144]), array([-0.37813651,  0.14679351,  0.52789773]), array([-0.37248312,  0.11180045,  0.52666185]), array([-0.36825792,  0.19213697,  0.52584449]), array([-0.39669278,  0.16111918,  0.47583709]), array([-0.4245446 ,  0.16135864,  0.46510987]), array([-0.3828837 ,  0.16142305,  0.54741895]), array([-0.32686707,  0.16272004,  0.62845744]), array([-0.33282983,  0.13300811,  0.61232763]), array([-0.32978899,  0.15611221,  0.6184134 ]), array([-0.32980027,  0.15601887,  0.61826072])]
(array([[-0.01756059],
       [ 0.15607543],
       [ 0.11363351]]), array([[-0.01147774],
       [ 0.35831263],
       [ 0.12521046]]), array([[ 0.01358706],
       [-0.08682702],
       [ 0.01740156]]), array([[0.14564786],
       [0.05170042],
       [0.00553895]]), array([[0.16654405],
       [0.05678121],
       [0.00969979]]), array([[ 0.15783731],
       [ 0.03811522],
       [-0.21252352]]), array([[0.0680949 ],
       [0.0755368 ],
       [0.55619309]]), array([[0.13644638],
       [0.27798701],
       [0.6106493 ]]), array([[ 0.13342581],
       [ 0.09252075],
       [-0.11438463]]), array([[ 0.1436778 ],
       [ 0.06422561],
       [-0.62027135]]))
(array([[-39.88549258],
       [-20.94912326],
       [249.1567673 ]]), array([[  9.61060605],
       [-20.95584473],
       [254.91362477]]), array([[-110.48173606],
       [ -21.04733003],
       [ 225.43800757]]), array([[-71.46840067],
       [-55.92554044],
       [230.78278831]]), array([[-71.05431417],
       [-61.37024501],
       [226.14412028]]), array([[-87.13472551],
       [-37.08624535],
       [230.67393706]]), array([[-26.83865515],
       [-73.71017028],
       [239.58107432]]), array([[ 28.9226646 ],
       [-75.75490297],
       [241.26158519]]), array([[-68.20188803],
       [-40.81340754],
       [240.3662881 ]]), array([[-87.48317279],
       [  8.31741405],
       [240.22680787]]))
R_camera2gimbal = np.float32([[0.41016693024568496, 0.8763608546753984, -0.2524970133000318], [-0.909749552097839, 0.41263930117435166, -0.04565697738707521], [0.06417820339190353, 0.24843602701489942, 0.9665198904784318]])
t_camera2gimbal = np.float32([[-18.959828191075893], [1.5586220537514408], [-1.4427664518406154]])
# 重投影误差: 0.0421px


